[[[ 2.79325766e+00  2.63480485e+00 -1.95918956e-02]
  [ 1.62845383e+00  1.84397284e+00 -1.37114229e-02]
  [ 6.80432459e-01  1.34749835e+00 -1.00197353e-02]
  [ 1.24614206e-01  4.84970209e-01 -3.60614401e-03]]

 [[ 2.65324852e+00  3.72138511e+00 -2.23781416e-01]
  [ 1.56401703e+00  2.19094640e+00 -1.31750161e-01]
  [ 6.74359199e-01  1.34898611e+00 -8.11198015e-02]
  [ 1.15828470e-01  4.59431955e-01 -2.76274372e-02]]]
[[[-0.84442969  0.10332517 -2.21512582]]

 [[-0.27740259 -0.43632269 -1.83818169]]]


  [[969.36541392]
 [827.48398331]]

 [[850.02147613]
 [691.6540557 ]]

corner_points :  [[ 423. -391.    1.]
 [ 477.  -28.    1.]
 [  31.   42.    1.]
 [-209. -205.    1.]
 [ 166. -107.    1.]]
test points :  [[-139.  260.    1.]
 [-126.  158.    1.]
 [-159.    6.    1.]
 [ 103. -235.    1.]]


corner_points :  [[-104. -434.    1.]
 [ 306. -116.    1.]
 [ -48.   54.    1.]
 [-440. -109.    1.]
 [ -66. -113.    1.]]
test points :  [[-160.  291.    1.]
 [-152.  193.    1.]
 [-235.   58.    1.]
 [-231. -209.    1.]]

// 아는 초점거리
[0.88195987 1.3330753  0.56077366] [0.89986733 1.32438612 0.6059217 ]
[0.8909136  1.32873071 0.58334768]
[0.89990888 1.35033714 0.31717711] [0.92596563 1.3428724  0.3714815 ]
[0.91293726 1.34660477 0.34432931]

[0.99444628 1.40198823 0.5277691 ] [0.99496286 1.37988583 0.47050925]
[0.99470457 1.39093703 0.49913918]
[1.00451685 1.41138487 0.27067175] [1.00054626 1.38707079 0.21601738]
[1.00253156 1.39922783 0.24334457]

//내 초점거리
[1.03690899 1.42359957 0.56292109] [1.05275546 1.44051498 0.65165561]
[1.04483223 1.43205728 0.60728835]
[1.02812363 1.42713503 0.28766951] [1.04157269 1.44574199 0.34596128]
[1.03484816 1.43643851 0.31681539]

[0.99263604 1.35063327 0.67300838] [0.94977923 1.36582114 0.58094541]
[0.97120764 1.35822721 0.62697689]
[1.00165301 1.38721207 0.36414158] [0.98015657 1.39336513 0.33186254]
[0.99090479 1.3902886  0.34800206]

// opencv 초점거리
[0.69781935 1.34976775 0.49670108] [0.6994269  1.33629487 0.46625431]
[0.69862313 1.34303131 0.48147769]
[0.69271086 1.34077945 0.24312215] [0.6913691  1.3230244  0.20805725]
[0.69203998 1.33190193 0.2255897 ]

// 내 초점거리
[0.62671387 1.26148905 0.62194359] [0.62037649 1.22138322 0.5134077 ]
[0.62354518 1.24143614 0.56767564]
[0.69817567 1.3432265  0.29754418] [0.67799974 1.31283308 0.21541095]
[0.68808771 1.32802979 0.25647756]


[1.05559665 1.4767615  0.50688234] [1.05208341 1.47405875 0.48894614]  
[1.05384003 1.47541013 0.49791424]
[1.07756125 1.50013881 0.23018124] [1.07426255 1.49774447 0.2185661 ]  
[1.0759119  1.49894164 0.22437367]
 / 1.43 / 0.5
 / 1.43 / 0.25
